s,V,Theta_in,Theta,Omega,raw_normal_Q1,friction_normal_Q1,mu,mu_V,mu_Theta
0,0.00099996959009760367,8.000009355770116,8.0000097209905565,0.99997080518447135,49999987.735072814,50000020.134639241,0.66907681007276043,25.000760270679667,0.0018749978072439433
3.9955035930078155,0.0010000077173123233,7.9999974699425662,7.9999973775016455,1.0000073894974992,50000131.371720202,50000020.726834834,0.66907774097802664,24.99980706868083,0.0018750005929823988
7.9910071860156311,0.00099998660970353421,8.0000055033520852,8.0000056620079381,0.99998731744504954,49999955.311426073,50000019.114863612,0.66907722834895011,25.000334761894209,0.0018749987101527425
11.98651077902332,0.00099999343793844269,8.0000031221262464,8.0000031992134861,0.99999383783750428,50000044.59791933,50000018.423590899,0.66907739459172977,25.000164052615457,0.0018749992682519467
15.982014372031134,0.00099999106379860571,8.0000033266155945,8.0000034330371594,0.99999149292441591,50000010.760929771,50000017.504726127,0.66907733562119132,25.000223407031267,0.0018749992203247942
19.977517965038952,0.00099999980384056584,8.0000008350966834,8.0000008362429433,0.99999990837091335,50000010.930023983,50000016.644174054,0.66907754945164122,25.000004903986817,0.0018749998042742353
23.973021558046767,0.00099999451783676341,8.0000028866845714,8.000002950651206,0.99999488666614211,50000014.455002904,50000015.998915292,0.66907742114789737,25.000137054832273,0.0018749993234335475
27.968525151054582,0.0009999977680103622,8.0000021323841768,8.0000021569330215,0.99999803762638806,50000011.323914021,50000015.447696961,0.66907750098823804,25.000055799865493,0.0018749995002225919
31.964028744062297,0.00099999870186908866,8.0000013844323785,8.0000013984848621,0.99999887667946941,50000013.606707074,50000015.032224447,0.66907752293233802,25.000032453314912,0.0018749996755237171
35.959532337070087,0.00099999955886010284,8.0000011025615709,8.0000011063501084,0.99999969715380521,50000010.278502822,50000014.714890823,0.66907754382862428,25.000011028502296,0.0018749997415871676
39.955035930077905,0.00099999730263393037,8.0000023236989684,8.000002353761781,0.99999759685335932,50000015.795300916,50000014.514358386,0.66907748971251357,25.000067434333637,0.0018749994553832127
43.950539523085716,0.00099999737180096098,8.0000022256716541,8.0000022550236025,0.99999765367817051,50000012.295582749,50000014.320710823,0.66907749125789284,25.000065705148664,0.0018749994783583514
47.946043116093534,0.0010000005331175172,8.0000006995441293,8.0000006917931792,1.0000006195917106,50000013.004164062,50000014.183965221,0.66907756742940094,24.999986672069177,0.001874999836044359
51.941546709101246,0.00099999791095511915,8.0000017704359347,8.000001793764465,0.99999813517520886,50000013.143655069,50000014.097330622,0.66907750388321174,25.000052226231126,0.0018749995850541698
55.937050302109064,0.0009999958885817525,8.0000027078366021,8.0000027549615282,0.99999623295052775,50000015.430035822,50000014.034293823,0.66907745508134664,25.000102785878784,0.0018749993653510112
59.932553895116882,0.00099999987035954085,8.0000014309334464,8.0000014303185996,1.0000000491493426,50000013.239660732,50000013.946127474,0.66907755223180965,25.0000032410119,0.0018749996646250334
63.928057488124665,0.00099999895060995229,8.0000008503705846,8.0000008621500527,0.99999905837859571,50000011.914949432,50000013.880716652,0.66907752814950117,25.000026234778726,0.0018749998006944155
67.92356108113249,0.00099999669337814392,8.0000026816878886,8.0000027188015359,0.99999703322721201,50000016.752691701,50000013.852030516,0.6690774751523022,25.000082665819747,0.0018749993714796116
71.919064674140202,0.00099999857278523525,8.0000020467923623,8.0000020614230056,0.99999883046274329,50000011.715372413,50000013.77366969,0.669077520947162,25.000035680420044,0.0018749995202831629
75.914568267148013,0.00099999835301317359,8.0000010178585175,8.0000010368406187,0.99999848261803748,50000015.481831208,50000013.719108909,0.66907751352360145,25.000041174738477,0.0018749997614394402
79.910071860155824,0.00099999984232611934,8.0000014343853589,8.0000014341152657,1.0000000215904994,50000010.626577325,50000013.651350021,0.66907755153744641,25.000003941847638,0.0018749996638159918
83.905575453163635,0.00099999432565627661,8.000003257899607,8.0000033236870536,0.99999474111480069,50000018.268264145,50000013.620833859,0.66907741703938628,25.000141859398045,0.0018749992364300908
87.901079046171432,0.0010000003235843299,8.0000009597664743,8.0000009542263637,1.0000004428626639,50000009.436759293,50000013.515134059,0.66907756267899032,24.999991910394371,0.0018749997750547595
91.896582639179243,0.00099999785324292865,8.0000013835181516,8.0000014081716078,0.99999802926400183,50000016.158636495,50000013.468301579,0.6690775017149333,25.000053669042,0.0018749996757379895
95.892086232186969,0.00099999736765714548,8.0000024578872448,8.0000024869283983,0.99999767852237698,50000010.680305019,50000013.395277977,0.6690774915897012,25.000065808744594,0.0018749994239328539
99.88758982519478,0.00099999705202467783,8.0000023768349937,8.0000024099450169,0.99999735326691686,50000017.868603133,50000013.345944211,0.66907748354689467,25.000073699600321,0.0018749994429294637
103.88309341820258,0.0010000000489773491,8.0000005102176885,8.0000005088093555,1.0000001125785216,50000008.385995179,50000013.228027701,0.66907755497091326,24.999998775566333,0.0018749998804177368
107.8785970112104,0.00099999785766014372,8.0000021226958289,8.0000021461400515,0.99999812592707538,50000017.060516752,50000013.181903377,0.66907750321132176,25.00005355861115,0.0018749995024932972
111.87410060421811,0.00099999778213453691,8.000002435967648,8.0000024598660993,0.99999808961711734,50000010.215716571,50000013.082502283,0.66907750191056192,25.000055446759553,0.0018749994290702563
115.86960419722591,0.00099999654331561576,8.0000016485020691,8.0000016891031205,0.99999675445277603,50000017.181837656,50000013.008104347,0.66907746946350344,25.000086417408326,0.0018749996136324073
119.86510779023374,0.0010000021869893973,8.0000006438541789,8.0000006155329189,1.0000022639311803,50000006.428770199,50000012.884165317,0.66907760867172306,24.99994532538464,0.001874999849096689
123.86061138324153,0.00099999352967251962,8.0000032141978341,8.0000032899955436,0.99999394091930172,50000019.7859485,50000012.857322477,0.66907739705773084,25.000161759233645,0.0018749992466726851
127.85611497624934,0.00099999925439850368,8.0000017886837416,8.0000017952038487,0.99999947879881756,50000007.507098272,50000012.725753233,0.66907753750355869,25.000018640051309,0.001874999580777342
131.85161856925708,0.00099999840454904356,8.0000010687115601,8.0000010869705687,0.9999985404201478,50000017.675570622,50000012.652861685,0.66907751490734968,25.00003988633755,0.0018749997495207617
135.84712216226487,0.00099999970125538677,8.000001602857429,8.0000016040863127,0.99999990176611586,50000005.727792934,50000012.519537158,0.6690775483265623,25.000007468617564,0.0018749996243303654
139.84262575527268,0.00099999607184898549,8.0000025567442066,8.0000026018159769,0.99999639707470511,50000020.31030152,50000012.488235891,0.66907745937974772,25.000098204161127,0.0018749994007632683
143.83812934828049,0.00099999971846518633,8.0000015432966123,8.0000015444035331,0.99999991151557366,50000005.711237915,50000012.339103103,0.66907754864513092,25.000007038372324,0.0018749996382899261
147.83363294128822,0.00099999881461623318,8.0000009739851254,8.0000009872701909,0.99999893802486062,50000017.07546854,50000012.278672382,0.66907752498143158,25.0000296346293,0.001874999771722264
151.82913653429603,0.00099999920185108782,8.0000018650930222,8.0000018721501629,0.99999943586967144,50000007.352010161,50000012.169365145,0.6690775363331396,25.000019953738732,0.0018749995628689249
155.82464012730384,0.00099999419793430342,8.0000030185641009,8.0000030863204952,0.99999458372212702,50000018.666368201,50000012.112883389,0.66907741339756477,25.000145052484019,0.0018749992925243058
159.82014372031165,0.0010000025881770659,8.0000005383969999,8.0000005052294583,1.0000026513309115,50000005.677234039,50000011.953375503,0.66907761850365866,24.999935295740819,0.0018749998738132115
163.81564731331946,0.0009999969026264488,8.0000016279631545,8.0000016641083942,0.99999711063935381,50000016.074270114,50000011.890267931,0.6690774784077933,25.000077434578625,0.0018749996184462135
167.81115090632727,0.00099999846833294707,8.0000022252912277,8.0000022409478184,0.99999874845099535,50000008.86163418,50000011.779168338,0.66907751867053622,25.000038291734974,0.0018749994784475134
171.80665449933508,0.00099999853228797584,8.0000019931617565,8.0000020083819514,0.99999878333535119,50000015.469825633,50000011.690163702,0.66907751983417163,25.000036692854462,0.0018749995328528298
175.80215809234281,0.0010000008768490591,8.0000003101320853,8.0000002986958272,1.0000009141860702,50000006.56953235,50000011.555065706,0.66907757529253586,24.999978078792747,0.0018749999273127952
179.79766168535059,0.00099999775666828237,8.000002244532487,8.0000022690479007,0.99999804029863371,50000016.107632227,50000011.496057056,0.66907750091496343,25.000056083418755,0.0018749994739378458
183.79316527835843,0.00099999839466381833,8.000002216216286,8.0000022328071907,0.99999867376426921,50000008.408301398,50000011.368241362,0.66907751681178951,25.000040133468971,0.0018749994805744518
187.78866887136613,0.00099999895251279866,8.000001126060182,8.0000011373854552,0.99999909468583148,50000013.896381572,50000011.269364581,0.66907752871399029,25.000026187207467,0.001874999736079682
191.78417246437394,0.001000001276723889,8.0000007639776847,8.0000007468383121,1.0000013700787971,50000006.988543481,50000011.14937041,0.6690775861403564,24.999968081943528,0.0018749998209427472
195.77967605738175,0.00099999537854297675,8.0000030270476437,8.0000030800447011,0.9999957635467851,50000015.736057445,50000011.090910926,0.66907744292884208,25.00011553695953,0.0018749992905359768
199.77517965038956,0.0010000011592049812,8.0000011231508719,8.0000011069185692,1.0000012975699628,50000007.678955652,50000010.958490044,0.66907758387583682,24.999971019909065,0.0018749997367615513
203.77068324339737,0.00099999948441802577,8.0000007716730952,8.0000007769080401,0.99999958153148061,50000012.586607434,50000010.871334076,0.66907754134715569,25.000012889556004,0.0018749998191391359
207.76618683640515,0.00099999972760335962,8.0000018193628097,8.0000018199245755,0.99999995509386952,50000008.764782496,50000010.773315378,0.66907754939120934,25.000006809917867,0.0018749995735869386
211.76169042941297,0.00099999810547952918,8.000002349780905,8.0000023697752596,0.99999840170087539,50000013.478317291,50000010.699055836,0.66907750983260339,25.000047363101501,0.0018749994492702621
215.75719402242069,0.0010000003068573915,8.0000005390080737,8.0000005343338092,1.0000003736491381,50000008.672930613,50000010.577081047,0.66907756147189512,24.999992328567568,0.0018749998736699914
219.7526976154285,0.0010000011545661903,8.0000011615240183,8.0000011452897439,1.0000012977275736,50000009.993274003,50000010.489349917,0.66907758383181681,24.999971135878571,0.001874999727767848
223.74820120843631,0.00099999720618661756,8.0000024878129246,8.0000025188241608,0.99999752103875794,50000012.002731763,50000010.418053135,0.66907748760903774,25.000069845529698,0.0018749994169190273
227.74370480144401,0.00099999945608979582,8.0000013325382682,8.0000013372513727,0.99999962324612646,50000009.779073752,50000010.312082902,0.66907754169057165,25.000013597762504,0.0018749996876863955
231.73920839445182,0.0010000018404779042,8.0000004776097473,8.0000004538760532,1.0000018972125153,50000009.576678954,50000010.210641153,0.6690775996972449,24.999953988137079,0.0018749998880602222
235.73471198745963,0.00099999861683404802,8.0000019659041559,8.0000019801109072,0.99999886434756902,50000009.474821687,50000010.13678313,0.66907752189671843,25.00003457919663,0.0018749995392413267
239.73021558046747,0.0009999988487868199,8.0000020632547137,8.0000020744123272,0.99999910808806225,50000012.49416396,50000010.06892018,0.66907752787807739,25.000028780362637,0.0018749995164248012
243.72571917347528,0.0010000012527325247,8.0000005612626772,8.0000005447394589,1.0000013208250425,50000007.693312719,50000009.952621534,0.66907758516048232,24.999968681726116,0.0018749998684540691
247.72122276648307,0.0010000004913254797,8.0000011730781608,8.0000011651098841,1.0000006369642866,50000010.888259441,50000009.875987127,0.66907756727247669,24.999987716869043,0.0018749997250598464
251.71672635949091,0.0009999999429570975,8.0000016344921896,8.0000016326527685,1.0000001470386821,50000009.043777369,50000009.793607004,0.66907755442842132,25.000001426072647,0.0018749996169159715
255.7122299524986,0.00099999789140519995,8.0000021361716041,8.0000021591733024,0.99999816130129371,50000012.157123722,50000009.70528461,0.66907750408021704,25.000052714981155,0.0018749994993349139
259.70773354550641,0.0010000039872167374,7.9999998549240994,7.9999998053493133,1.0000039628853044,50000005.52311337,50000009.58488591,0.66907765219802373,24.999900319979012,0.0018750000340021647
263.70323713851423,0.00099999816965760501,8.0000018851469648,8.0000019050651421,0.99999840779031191,50000012.555583201,50000009.537545472,0.66907751056586973,25.00004575864363,0.0018749995581687844
267.69874073152198,0.00099999947852711497,8.0000017552693699,8.0000017590422257,0.99999969840727854,50000007.808151461,50000009.446209759,0.66907754304412559,25.000013036828925,0.0018749995886088316
271.69424432452979,0.0010000008762111805,8.000001319807474,8.0000013068027958,1.000001039561673,50000012.152255297,50000009.360120624,0.66907757716973015,24.999978094739685,0.0018749996906701745
275.6897479175376,0.0010000023404929284,8.0000000244170533,7.9999999951456147,1.0000023398861289,50000004.166526914,50000009.245840892,0.66907761134785815,24.999941487813739,0.0018749999942772532
279.68525151054536,0.00099999861322139076,8.0000022928034955,8.0000023065449888,0.99999890153911464,50000015.206010737,50000009.207267724,0.66907752241933804,25.000034669513312,0.0018749994626243349
283.68075510355317,0.0010000018289869472,8.0000012655535375,8.000001240733166,1.0000019840788765,50000004.139356166,50000009.075120516,0.6690776008873659,24.999954275409952,0.0018749997033859365
287.67625869656098,0.0010000005874778095,8.0000005974415327,8.0000005891710213,1.0000006611242305,50000013.237545922,50000009.007309794,0.6690775685969651,24.999985313063394,0.0018749998599746514
291.67176228956873,0.0010000033468246306,8.0000005411617838,8.0000004985142343,1.0000034091391183,50000003.387504593,50000008.897499368,0.66907763747497551,24.999916329664266,0.0018749998731652155
295.66726588257654,0.00099999624711820043,8.0000028666658576,8.0000029090645999,0.99999661074991064,50000015.738420799,50000008.85833402,0.66907746434259785,25.000093822397094,0.0018749993281254303
299.66276947558447,0.001000004381641483,8.0000000961717195,8.0000000412938164,1.0000043868032327,50000002.401705407,50000008.716006123,0.66907766251094036,24.999890459442891,0.0018749999774597534
303.65827306859205,0.0010000001166246011,8.0000008249120036,8.000000822167415,1.00000021939554,50000013.230697356,50000008.665069669,0.66907755725214613,24.999997084385313,0.0018749998066612688
307.65377666159998,0.0010000014545211691,8.0000015076068571,8.0000014870857399,1.000001640407157,50000003.976849996,50000008.565569289,0.66907759197958683,24.999963637023665,0.0018749996466547094
311.64928025460767,0.001000000109254266,8.0000017314676821,8.0000017273997646,1.0000003251792602,50000014.276965111,50000008.518342711,0.66907755876767938,24.99999726864365,0.00187499959418735
315.64478384761549,0.0010000036860681107,7.9999996679006173,7.9999996223792458,1.0000036388653426,50000002.175764143,50000008.39196305,0.6690776443186679,24.999907848636909,0.0018750000778357959
319.6402874406233,0.0010000011254562527,8.000001354612607,8.0000013384404571,1.0000012927614981,50000013.0871787,50000008.359570831,0.66907758346611024,24.999971863625348,0.0018749996825127239
323.63579103363111,0.0010000011571782283,8.0000016602440898,8.0000016431985479,1.0000013625782844,50000004.577253632,50000008.267071031,0.66907758483221758,24.999971070577772,0.0018749996108803721
327.63129462663892,0.00099999989407527964,8.0000009489085464,8.0000009487500598,1.0000000126690245,50000012.738862291,50000008.211225241,0.66907755192090657,25.00000264811829,0.0018749997775995857
331.62679821964673,0.0010000057337456578,7.9999997549719133,7.9999996837386167,1.0000056942127582,50000001.424628034,50000008.105167799,0.66907769567362418,24.999856657180448,0.0018750000574284597
335.62230181265443,0.00099999732090994648,8.0000024126829405,8.0000024423785536,0.99999762620644761,50000014.830712594,50000008.101072297,0.66907749033626018,25.000066977430777,0.0018749994345276062
339.61780540566224,0.0010000032366746373,8.0000008723270533,8.0000008305382604,1.0000033404922559,50000003.032086253,50000007.993744239,0.66907763534216946,24.999919083395969,0.0018749997955483694
343.61330899867005,0.0010000021103907784,8.0000001868929314,8.0000001602418536,1.0000021304210522,50000012.448348083,50000007.945964932,0.66907760589995935,24.999947240341886,0.0018749999561969704
347.6088125916778,0.0010000034658253173,8.0000008033623242,8.0000007588190591,1.0000035606780284,50000002.061555088,50000007.848681189,0.66907764094160838,24.999913354667367,0.0018749998117119744
351.60431618468562,0.0010000001972676786,8.0000016572795758,8.0000016522281783,1.0000004037962418,50000014.228556156,50000007.833362639,0.66907756082891179,24.999995068309012,0.0018749996115751801
355.59981977769337,0.001000002861889885,8.0000006368376013,8.0000006000976267,1.0000029369023029,50000002.818717718,50000007.72051283,0.66907762553103656,24.999928452957636,0.0018749998507411993
359.59532337070124,0.0010000032441495775,8.0000001716131219,8.0000001308249811,1.0000032605027531,50000010.472272135,50000007.675736062,0.66907763421520383,24.999918896523678,0.0018749999597781756
363.59082696370899,0.0010000021487991196,8.0000011304455132,8.0000011018415531,1.0000022865296094,50000004.887938946,50000007.605427168,0.66907760862932686,24.999946280137447,0.0018749997350518705
367.58633055671686,0.00099999923990601379,8.0000018183483039,8.0000018250031104,0.99999946803122908,50000011.808583997,50000007.562441915,0.66907753719686713,25.000019002364102,0.0018749995738247132
371.58183414972456,0.0010000059237773931,7.9999998051497139,7.9999997314645341,1.0000058902102609,50000003.359286055,50000007.452146053,0.66907770051847315,24.999851906442448,0.001875000045668037
375.57733774273231,0.0010000014955584618,8.0000005849561777,8.0000005653630133,1.0000015662289441,50000009.273338743,50000007.409426525,0.66907759127554778,24.999962611094372,0.0018749998629009055
379.57284133574029,0.0010000020484050784,8.0000014035205389,8.0000013757441746,1.0000022203734524,50000006.98979564,50000007.345847219,0.66907760663149674,24.999948789977939,0.0018749996710499314
383.56834492874788,0.0010000029536368707,8.0000009669114398,8.0000009285101843,1.0000030697009865,50000008.218748145,50000007.274446644,0.66907762844359286,24.999926159296333,0.0018749997733801588
387.5638485217558,0.0010000042013306634,7.9999996227528287,7.9999995708661942,1.0000041476887123,50000005.282852724,50000007.192240402,0.6690776571155288,24.999894967174694,0.0018750000884173099
391.5593521147635,0.0010000026269857251,8.000001071258124,8.0000010367739041,1.0000027565828036,50000008.475759968,50000007.145655818,0.66907762047298702,24.999934325529399,0.0018749997489239108
395.55485570777125,0.0010000011605187579,8.0000015795536825,8.0000015625923968,1.0000013558430343,50000007.562434457,50000007.07390818,0.66907758476443635,24.999970987064724,0.0018749996297921787
399.55035930077912,0.0010000047383889306,7.9999998612000764,7.9999998022331713,1.00000471366796,50000006.045912161,50000006.986712299,0.66907767098901416,24.999881540838043,0.0018750000325312328
403.54586289378693,0.00100000392628211,8.0000001092061339,8.0000000599954273,1.0000039337815678,50000006.233895659,50000006.925095871,0.66907765115144291,24.999901843332641,0.0018749999744048127
407.54136648679474,0.0010000009588158969,8.000001716332374,8.0000017016768563,1.0000011715257078,50000008.054807842,50000006.880508542,0.66907757997833017,24.999976029625561,0.001874999597734686
411.53687007980255,0.0010000042346116178,8.0000005334159088,8.0000004796917814,1.0000042945733443,50000007.051204592,50000006.808030181,0.6690776596550424,24.999894135157852,0.0018749998749806546
415.53237367281025,0.0010000044750406523,7.9999995548956155,7.999999499696222,1.0000044125024001,50000004.876129434,50000006.733649202,0.66907766383101652,24.999888124484343,0.001875000104321346
419.52787726581806,0.0010000031424062309,8.0000010718126084,8.0000010308897984,1.0000032712678606,50000008.399969473,50000006.695398435,0.66907763335950221,24.999921440091097,0.0018749997487939535
423.52338085882587,0.0010000032470713926,8.0000011371214281,8.0000010947893578,1.0000033839205067,50000005.586079814,50000006.630971998,0.66907763609857696,24.999918823478772,0.0018749997334872031
427.51888445183363,0.0010000035058811971,7.9999998828530012,7.9999998392466054,1.0000034857869522,50000008.263566464,50000006.572012141,0.66907764021704708,24.999912353277352,0.0018750000274563282
431.51438804484138,0.0010000066874973426,7.9999997725219716,7.9999996893486891,1.0000066486656689,50000002.437757529,50000006.502386004,0.6690777195501747,24.999832813684495,0.0018750000533151645
435.50989163784925,0.00099999994188979088,8.0000019619752898,8.0000019596379079,1.0000001868445152,50000011.464091614,50000006.495920241,0.66907755501576938,25.000001452755313,0.0018749995401621542
439.505395230857,0.0010000052486939816,7.9999999942766316,7.9999999287281236,1.0000052397849504,50000002.527000383,50000006.411329068,0.66907768399609524,24.999868783339178,0.0018750000013414145
443.50089882386482,0.0010000045796319614,7.9999998200028291,7.9999997630831574,1.0000045500172203,50000009.088755459,50000006.378068469,0.66907766694286352,24.999885509725289,0.0018750000421868377
447.49640241687263,0.001000003993798566,8.0000007571082463,8.0000007060426839,1.000004082054254,50000002.567246586,50000006.321995147,0.66907765405416408,24.999900155434613,0.0018749998225527718
451.49190600988044,0.0010000025105946404,8.0000013414522417,8.0000013079999253,1.0000026740950416,50000011.738009714,50000006.313278608,0.66907761806983135,24.999937235291569,0.0018749996855971836
455.48740960288819,0.0010000063048782868,7.9999991823004724,7.9999991048276993,1.0000061929810438,50000001.10026975,50000006.220110059,0.66907770887809503,24.999842379036611,0.0018750001916483462
459.48291319589606,0.0010000043125954277,8.0000005135559569,8.000000458888799,1.0000043699567749,50000009.861295573,50000006.20136676,0.66907766156739201,24.99989218557927,0.0018749998796353305
463.47841678890364,0.0010000048585777311,8.0000004275597405,8.0000003662073986,1.0000049043538783,50000002.898996569,50000006.141700305,0.66907767505564408,24.999878536146866,0.0018749998997906914
467.47392038191163,0.001000001172188333,8.0000014118837282,8.000001395038467,1.0000013465683457,50000011.109794691,50000006.110911153,0.66907758474179424,24.999970695326027,0.0018749996690898096
471.46942397491932,0.0010000095315307023,7.9999984965272191,7.9999983798234835,1.0000093290067074,49999999.437084496,50000006.007409051,0.66907778825794162,24.999761714003675,0.0018750003523764992
475.46492756792713,0.0010000012158983052,8.000001343669787,8.0000013263850782,1.0000013816966415,50000011.329281524,50000006.014806591,0.66907758570664111,24.999969602579331,0.0018749996850774466
479.46043116093495,0.001000004950365774,8.0000004146339982,8.0000003521553822,1.0000049943854146,50000002.327479221,50000005.949115425,0.66907767732609813,24.9998762414683,0.0018749999028201615
483.4559347539427,0.0010000047495757891,8.000000463345291,8.0000004032985377,1.0000047999883459,50000010.364655025,50000005.913182154,0.66907767239770655,24.999881261169232,0.0018749998914034539
487.45143834695057,0.0010000072601446702,7.9999989025923037,7.9999988136247326,1.0000071118466851,49999999.516867869,50000005.825452507,0.66907773223513978,24.999818497700982,0.0018750002572049643
491.44694193995838,0.0010000030022434088,8.0000012680094414,8.0000012285309783,1.000003155810242,50000012.718915761,50000005.83017312,0.66907763022331146,24.999924944140119,0.0018749997028103343
495.44244553296608,0.001000005946007013,8.0000003248313423,8.0000002500571341,1.0000059772643406,50000000.265333191,50000005.728456393,0.66907770204861361,24.999851350708546,0.0018749999238676571
499.43794912597389,0.0010000050459859015,7.999999652036994,7.999999589554692,1.0000049946799792,50000010.254765525,50000005.697556719,0.66907767828671993,24.999873850989012,0.0018750000815538333
503.4334527189817,0.0010000075686914366,7.9999994944863557,7.9999994007408421,1.0000074937834749,49999999.832351215,50000005.621098042,0.66907774105855311,24.999810784146202,0.0018750001184797678
507.4289563119894,0.0010000005573766225,8.0000019012815038,8.0000018913513014,1.000000793795667,50000012.618944108,50000005.62060146,0.6690775702891355,24.999986065592203,0.0018749995543872534
511.42445990499726,0.0010000090734761406,7.999999099446474,7.9999989875226145,1.0000089469153191,49999999.24395477,50000005.514476679,0.66907777793715795,24.999773165154668,0.0018750002110672563
515.41996349800502,0.0010000047106236455,7.9999997029999417,7.9999996446268273,1.0000046662017898,50000009.701234102,50000005.500345081,0.66907766999826002,24.999882234963611,0.0018750000696093913
519.41546709101283,0.0010000060611169623,8.000000464634125,8.0000003882038939,1.0000061096427431,50000001.529676348,50000005.443148352,0.66907770518847531,24.999848472994366,0.0018749998911013832
523.41097068402064,0.0010000048615065025,8.0000006732013844,8.000000611428943,1.0000049379354918,50000010.162378095,50000005.429605119,0.66907767558944098,24.999878462928294,0.0018749998422184389
527.40647427702845,0.0010000077811014505,7.9999987578877052,7.9999986626391859,1.0000076139300478,50000000.382599197,50000005.350081861,0.66907774498764017,24.999805473977368,0.0018750002911201145
531.40197787003638,0.0010000059444462541,8.0000002231094598,8.0000001485135659,1.0000059630105602,50000008.740459479,50000005.347836666,0.66907770181886628,24.999851389727056,0.0018749999477087219
535.39748146304396,0.0010000049804716634,8.0000007817547392,8.0000007183269108,1.0000050702629744,50000003.248707846,50000005.302506,0.66907767876709301,24.999875488828543,0.001874999816776251
539.39298505605177,0.0010000053473860112,7.9999997608993025,7.9999996944824758,1.0000053091961163,50000007.951284632,50000005.27081129,0.66907768602580042,24.99986631606458,0.0018750000560392277
543.38848864905958,0.0010000094083168938,7.9999988451310466,7.9999987294220078,1.0000092494931505,50000000.700587034,50000005.212604746,0.66907778583125777,24.999764794290545,0.0018750002706724499
547.38399224206728,0.0010000030225974922,8.0000011581329673,8.0000011185718254,1.000003162419393,50000009.437325343,50000005.227769077,0.66907763052614366,24.999924435291099,0.0018749997285626252
551.3794958350752,0.0010000072141788815,7.9999999676902736,7.9999998776338979,1.0000071988830084,50000002.818463191,50000005.176384233,0.66907773308306207,24.999819646829064,0.001875000007572592
555.37499942808302,0.0010000072015685314,7.999998993722099,7.9999989053438769,1.0000070647355306,50000006.943785578,50000005.148111291,0.66907773094161516,24.999819962083272,0.0018750002358464129
559.37050302109071,0.0010000074662839184,7.9999999350910995,7.9999998419367682,1.0000074465258668,50000002.339097351,50000005.106398851,0.66907773932451831,24.999813344295667,0.0018750000152130239
563.36600661409864,0.0010000052681322295,8.0000005699385994,8.0000005032485291,1.000005331038627,50000008.460625395,50000005.103962265,0.669077685561415,24.99986829738809,0.0018749998664206505
567.36151020710633,0.0010000066783348912,7.9999995944711433,7.99999951169029,1.0000066172957698,50000003.347237222,50000005.041280746,0.66907771898726953,24.999833042742718,0.0018750000950458307
571.35701380011415,0.0010000090793978848,7.9999989765566353,7.9999988647506788,1.0000089374904311,50000004.466221377,50000005.00573127,0.66907777785478162,24.99977301711375,0.0018750002398695692
575.35251739312196,0.0010000053705989855,8.0000003992506024,8.0000003315471897,1.0000054120426067,50000005.698562875,50000004.990795732,0.66907768780303023,24.999865735746443,0.0018749999064256446
579.34802098612977,0.0010000054697001329,8.0000003767285914,8.0000003078225461,1.0000055081781616,50000005.664133914,50000004.955781519,0.66907769023831676,24.999863258244613,0.0018749999117042406
583.34352457913747,0.0010000093769623542,7.9999989089324908,7.9999987935154637,1.000009226150373,50000004.362102523,50000004.9006593,0.66907778516702943,24.999765578139311,0.0018750002557189824
587.33902817214528,0.0010000071739754894,7.999999481830347,7.9999993930346891,1.0000070981042812,50000003.17357932,50000004.866901934,0.6690777311669972,24.999820651899405,0.0018750001214460205
591.33453176515309,0.0010000059623711311,8.0000004121589345,8.0000003370439927,1.0000060045018815,50000008.217655063,50000004.859315045,0.66907770262145316,24.999850941610465,0.0018749999034002546
595.3300353581609,0.0010000083595394775,7.9999997320740412,7.9999996280797028,1.0000083130490516,50000002.026652694,50000004.791013792,0.66907776127507368,24.999791013260097,0.0018750000627951488
599.32553895116882,0.0010000082935288316,7.999998745539175,7.9999986439095947,1.0000081240161249,50000006.561267659,50000004.76320681,0.66907775777506817,24.999792663498763,0.001875000294014302
603.32104254417652,0.0010000085052549481,7.9999996742541413,7.9999995685300567,1.0000084513207463,50000002.366491973,50000004.72131224,0.66907776480951731,24.99978737043477,0.0018750000763466889
607.31654613718422,0.0010000045133763923,8.0000008193082035,8.0000007616558761,1.0000046085838064,50000008.915743336,50000004.701975301,0.66907766716017936,24.999887166099455,0.0018749998079746594
611.31204973019203,0.0010000110988899369,7.9999984608954264,7.9999983246706341,1.0000108894714417,50000000.108734816,50000004.616796099,0.66907782737470856,24.999722530831178,0.0018750003607277037
615.30755332319995,0.0010000072378626504,7.9999993312270012,7.9999992418685144,1.0000071430955286,50000007.289562553,50000004.605150126,0.66907773248178337,24.999819054743398,0.0018750001567436846
619.30305691620765,0.0010000070720428175,8.000000306378487,8.0000002175686333,1.000007099239089,50000002.516976953,50000004.565532267,0.66907773016472627,24.9998232001799,0.001874999928192545
623.29856050921546,0.0010000082373616027,7.9999997019687514,7.9999995995474471,1.0000081873046214,50000007.938102685,50000004.540105335,0.66907775816420467,24.999794067656271,0.0018750000698510767
627.29406410222316,0.0010000102755625241,7.9999981909349049,7.9999980654151557,1.0000100337369338,49999999.509737402,50000004.47197964,0.66907780628556723,24.99974311357655,0.0018750004239997274
631.28956769523097,0.0010000075583953888,8.0000000602393122,7.9999999657390939,1.0000075541127431,50000009.21903228,50000004.480352297,0.66907774186194069,24.999811041543506,0.0018749999858814113
635.28507128823878,0.0010000089615890414,7.9999998054015276,7.9999996937729607,1.0000089233103184,50000000.515032738,50000004.421978503,0.66907777646367128,24.999775962281699,0.001875000045609018
639.28057488124659,0.0010000078148677605,7.9999989974510752,7.9999989014067774,1.0000076775425344,50000008.615394488,50000004.407886669,0.66907774628097272,24.999804629832781,0.0018750002349724338
643.2760784742544,0.0010000123822814649,7.9999983474105951,7.9999981953331227,1.0000121566953122,49999998.086751081,50000004.350534752,0.669077859246336,24.999690446796354,0.001875000387325722
647.27158206726222,0.001000004072023579,8.000001102464557,8.0000010498827443,1.0000042032594565,50000011.389614642,50000004.384225801,0.66907765665732455,24.999898199825058,0.001874999741609905
651.26708566026991,0.0010000112901300225,7.9999986486767298,7.9999985097701218,1.0000111038491846,49999998.530706331,50000004.311968759,0.66907783250774733,24.999717749936078,0.0018750003167164451
655.26258925327772,0.0010000089746435793,7.9999987591351616,7.99999864897707,1.0000088057641974,50000008.880965166,50000004.316120669,0.66907777482828235,24.999775635924106,0.0018750002908277416
659.25809284628554,0.0010000100834840874,7.9999993844793549,7.9999992594952349,1.0000099909200586,49999998.818315692,50000004.273757264,0.66907780372155123,24.999747915439706,0.0018750001442626623
663.25359643929335,0.0010000073500605645,8.000000279859254,8.000000187618296,1.0000073735130239,50000011.198642194,50000004.30085621,0.66907773706539631,24.999816249836464,0.0018749999344079896
667.24910003230116,0.0010000118182719208,7.9999978666506335,7.9999977223683842,1.000011533564604,49999997.923419237,50000004.223368779,0.66907784424484296,24.999704546693728,0.0018750005000038911
671.24460362530886,0.0010000095199222516,7.99999937918885,7.999999261252011,1.0000094275778737,50000008.697081476,50000004.236958496,0.6690777896227238,24.999762004209412,0.0018750001455026244
675.24010721831667,0.0010000099354506217,7.9999992816916761,7.9999991587170109,1.0000098302892033,50000000.585117258,50000004.196100868,0.66907779982802484,24.999751616202264,0.0018750001683535287
679.23561081132448,0.0010000064150745788,8.0000001620768231,8.0000000816979568,1.000006425286889,50000009.512605548,50000004.187957704,0.66907771347006539,24.999839624164355,0.0018749999620132456
683.2311144043324,0.0010000149469418995,7.9999972658022935,7.9999970833803244,1.0000145823589908,49999997.544935256,50000004.105500251,0.66907792133395461,24.999626332037707,0.0018750006408278063
687.2266179973401,0.0010000068069528094,8.0000001313171278,8.0000000460916336,1.0000068127143029,50000009.14142666,50000004.130305804,0.66907772320928205,24.999829827338125,0.0018749999692225488
691.22212159034791,0.0010000107119408335,7.9999990973182662,7.9999989649329146,1.0000105825560619,50000000.855097286,50000004.086003743,0.66907781889437956,24.999732204347776,0.0018750002115660554
695.21762518335572,0.0010000103866533224,7.9999991331656961,7.9999990047872949,1.0000102622504421,50000007.740701072,50000004.069810018,0.66907781082949147,24.999740336363978,0.0018750002031643119
699.21312877636331,0.0010000126033981973,7.9999977509093094,7.9999975970013528,1.0000123030195804,49999998.902315773,50000004.00838995,0.66907786365574518,24.999684919016161,0.0018750005271307788
703.20863236937123,0.0010000090330792018,7.9999998591662349,7.9999997465607962,1.0000090013990151,50000009.463002481,50000004.024769552,0.66907777835171811,24.999774175059851,0.0018750000330079143
707.20413596237915,0.0010000107424492294,7.9999992234250836,7.9999990904617855,1.0000106287557313,50000000.214402765,50000003.955950603,0.66907781989353154,24.999731441654241,0.0018750001820097637
711.19963955538674,0.0010000115579607244,7.9999982341266618,7.99999809252202,1.0000113195232212,50000006.656682685,50000003.931421466,0.66907783842615676,24.999711054321516,0.0018750004138766549
715.19514314839466,0.0010000124573307243,7.9999983560676986,7.9999982030393273,1.000012232707842,50000000.016249016,50000003.885695867,0.66907786113877632,24.999688570611472,0.0018750003852967122
719.19064674140247,0.0010000073828740456,8.0000002709691316,8.0000001783322059,1.0000074051657359,50000008.873800024,50000003.89117004,0.66907773786905833,24.999815429511521,0.0018749999364916119
723.18615033441029,0.0010000143642310104,7.9999980279537768,7.9999978516200541,1.0000140956796597,49999999.766695254,50000003.816270359,0.66907790819543034,24.999640899382946,0.0018750004621984474
727.18165392741787,0.0010000114197185573,7.9999980844008025,7.999997944756605,1.0000111628101993,50000005.511811703,50000003.805223145,0.66907783468940629,24.999714510296283,0.0018750004489686695
731.17715752042591,0.0010000114006144089,7.9999992842082612,7.9999991429294219,1.0000112934793652,50000002.753126971,50000003.78283114,0.66907783646144736,24.999714987889092,0.0018750001677637039
735.17266111343372,0.0010000115386820806,7.9999991637413741,7.999999020926122,1.0000114162964335,50000005.484509215,50000003.764730506,0.66907783968722412,24.999711536276479,0.0018750001959981361
739.16816470644119,0.0010000131162442711,7.9999975911618488,7.9999974310977384,1.0000127951272766,50000001.878117353,50000003.720432557,0.66907787617720549,24.999672098194065,0.0018750005645716116
743.16366829944911,0.0010000131235761219,7.99999851338469,7.9999983517891362,1.00001291754706,50000003.970246494,50000003.711583488,0.66907787808966768,24.999671914902603,0.0018750003484255279
747.15917189245704,0.0010000100985464975,7.9999996393155737,7.999999513745446,1.0000100377640644,50000004.889641888,50000003.700258285,0.66907780457592569,24.999747538887053,0.0018750000845354161
751.15467548546462,0.001000013319857428,7.9999979745044829,7.9999978112986829,1.0000130462661192,50000002.984237641,50000003.660160616,0.66907788198623475,24.999667007999708,0.001875000474725632
755.15017907847255,0.0010000143890634644,7.9999976680791294,7.9999974919971164,1.0000140755585931,50000002.711599737,50000003.636089794,0.66907790814146761,24.999640278589446,0.0018750005465441135
759.14568267148047,0.0010000110712907056,7.9999993273258418,7.999999190093015,1.0000109700512116,50000004.141831711,50000003.637785926,0.66907782830929274,24.999723220796664,0.0018750001576580189
763.14118626448817,0.0010000128011098351,7.9999987591778288,7.9999986012261992,1.0000126262608717,50000004.968558557,50000003.62338765,0.66907787048897716,24.99967997635078,0.0018750002908177413
767.13668985749587,0.0010000146427567669,7.9999972499210461,7.9999970713232162,1.0000142766668083,50000001.689098522,50000003.582176231,0.66907791369966152,24.999633936441008,0.0018750006445499763
771.13219345050368,0.0010000136662552993,7.9999985324585845,7.9999983640550587,1.000013461759387,50000004.536570042,50000003.576186001,0.66907789169222887,24.999658348286619,0.0018750003439550824
775.1276970435116,0.0010000130354150779,7.9999989067067947,7.9999987455982993,1.0000128786128213,50000003.218851231,50000003.559593946,0.66907787662314933,24.999674118871049,0.00187500025624063
779.12320063651919,0.0010000127617825507,7.9999980246868976,7.9999978683732351,1.0000124953258047,50000005.41380243,50000003.532734632,0.6690778681286369,24.99968095950776,0.0018750004629641227
783.11870422952711,0.0010000174733240752,7.9999971804935246,7.9999969666496424,1.0000170941486553,49999999.409560278,50000003.485180475,0.66907798433253118,24.999563174530913,0.001875000660822063
787.11420782253492,0.0010000110763572351,7.9999991284710115,7.9999989914853744,1.0000109502915107,50000007.767507225,50000003.50566721,0.66907782806310179,24.999723094136233,0.001875000204264629
791.10971141554251,0.0010000142766813727,7.99999837433056,7.9999981985495543,1.0000140514968521,50000000.756322972,50000003.457757846,0.66907790665617739,24.999643088061202,0.0018750003810163523
795.10521500855043,0.0010000156696963135,7.999997347839364,7.9999971562619372,1.0000153142234858,50000006.248039171,50000003.434465379,0.66907793955635797,24.999608263730551,0.0018750006216003551
799.10071860155824,0.0010000155890103324,7.9999977445103765,7.9999975533214123,1.0000152831707414,49999998.501146734,50000003.386677548,0.66907793828299833,24.999610280817027,0.0018750005286305295
803.09622219456605,0.0010000132300059773,7.999998695469845,7.9999985322606681,1.0000130465361337,50000009.817998625,50000003.407799065,0.66907788109178867,24.999669254226337,0.0018750003057493049
807.09172578757375,0.0010000168121509086,7.9999977702868348,7.9999975637803118,1.0000165076183278,49999997.556784041,50000003.326792821,0.66907796890934823,24.999579703293378,0.0018750005225891689
811.08722938058156,0.0010000157745518688,7.9999970815377193,7.9999968890663995,1.0000153856790344,50000007.848162033,50000003.329491019,0.66907794167838996,24.999605642424097,0.0018750006840148466
815.08273297358937,0.001000017223551516,7.9999976935853647,7.9999974820601052,1.0000169088036082,49999998.336872995,50000003.283515066,0.66907797905037314,24.999569418628241,0.001875000540566086
819.07823656659718,0.0010000116380179977,7.9999991588349086,7.9999990147865878,1.000011514864888,50000010.039661989,50000003.293895662,0.66907784216139365,24.999709052936108,0.0018750001971480892
823.07374015960499,0.0010000203876149407,7.9999964245321014,7.9999961754683326,1.0000199095387354,49999996.536093555,50000003.201207109,0.66907805577099544,24.999490320017642,0.0018750008380006631
827.06924375261281,0.0010000148900949155,7.9999975406166328,7.9999973584756274,1.0000145598994523,50000007.753225274,50000003.211132742,0.66907792042807834,24.999627753169904,0.0018750005764181538
831.0647473456205,0.0010000165032638219,7.99999817232829,7.9999979690521288,1.0000162493911484,49999999.493811361,50000003.169359967,0.66907796194112756,24.999587425213281,0.0018750004283606548
835.06025093862831,0.0010000168292367581,7.999997785314596,7.9999975785712039,1.0000165265530647,50000007.904788375,50000003.163391531,0.66907796936466435,24.999579276161509,0.0018750005190670349
839.05575453163613,0.0010000197546049868,7.9999960155937009,7.9999957750748552,1.0000192264789109,49999996.894017078,50000003.097904727,0.66907803917930431,24.999506144631251,0.0018750009338456917
843.05125812464394,0.0010000165504150435,7.9999979943658071,7.9999977907785711,1.0000162742577945,50000008.895833731,50000003.126034856,0.6690779627862089,24.999586246471708,0.0018750004700706319
847.04676171765175,0.0010000182780069528,7.9999976834939028,7.9999974588140033,1.0000179603528971,49999998.494844019,50000003.073022932,0.66907800539236961,24.999543058178165,0.0018750005429312737
851.04226531065956,0.0010000173305102519,7.9999969118983465,7.9999967002576007,1.0000169180353036,50000007.647680707,50000003.072752565,0.66907798025863163,24.999566744752237,0.0018750007237741044
855.03776890366726,0.0010000219949682545,7.9999960922081588,7.9999958235870334,1.0000214729051513,49999996.717454977,50000003.024479583,0.66907809533086904,24.999450137887838,0.0018750009158891602
859.03327249667507,0.0010000142701529816,7.9999987693857832,7.9999985930695177,1.0000140942841615,50000009.95194681,50000003.066337235,0.66907790723369853,24.99964325126632,0.0018750002884252515
863.02877608968288,0.0010000217905689185,7.9999963480567358,7.9999960815891464,1.0000213007568888,49999997.498340763,50000003.00385046,0.66907809070071389,24.999455247647504,0.0018750008559245935
867.02427968269069,0.001000019461401264,7.9999963062950945,7.9999960689845562,1.0000189700147706,50000007.246438205,50000003.013596669,0.66907803239442043,24.999513474436871,0.0018750008657124869
871.0197832756985,0.0010000211452296699,7.9999968735894065,7.9999966143617343,1.0000207220159378,49999998.044843227,50000002.980898634,0.66907807555295318,24.999471380436034,0.001875000732752769
875.01528686870643,0.0010000183839840204,7.9999977971956735,7.9999975710145721,1.0000180803552601,50000009.007992864,50000003.011317685,0.66907800825493868,24.999540408848606,0.0018750005162824063
879.01079046171401,0.0010000225780843837,7.9999954223161778,7.9999951474577102,1.0000219715029022,49999997.865779951,50000002.948763549,0.66907810865239925,24.999435560634367,0.0018750010728952595
883.00629405472182,0.0010000215941226521,7.9999966081070486,7.9999963436870987,1.00002113707367,50000005.747799203,50000002.962873161,0.66907808627725829,24.999460158591098,0.0018750007949752475
887.00179764772952,0.0010000206915124019,7.9999969305793197,7.9999966769297028,1.0000202761200196,50000001.299311191,50000002.947463557,0.66907806431711492,24.999482722893198,0.0018750007193957482
890.99730124073744,0.0010000198923978422,7.9999969440952885,7.9999967004056964,1.0000194799403497,50000005.944058955,50000002.937594451,0.66907804436499863,24.999502699946436,0.0018750007162279406
894.99280483374525,0.0010000262351638337,7.9999947939155218,7.9999944743604177,1.0000255444407651,49999998.808624804,50000002.886234164,0.6690781988989023,24.999344138110803,0.0018750012201768436
898.98830842675284,0.0010000206820926678,7.9999969511534852,7.9999966975894008,1.0000202692828053,50000005.338128641,50000002.907141589,0.66907806412020299,24.999482958376809,0.0018750007145736743
902.98381201976076,0.0010000232941851834,7.9999963214005989,7.9999960361941103,1.0000227986979056,50000002.123360723,50000002.894923173,0.66907812824029289,24.999417658935577,0.0018750008621721309
906.97931561276857,0.0010000244212013593,7.9999957276174749,7.9999954292613751,1.0000238498450782,50000003.865779042,50000002.881111935,0.66907815530168113,24.999389484875529,0.0018750010013401891
910.97481920577638,0.0010000257821648666,7.9999949786038087,7.9999946644184092,1.0000251151999724,50000000.568268046,50000002.861048535,0.66907818792051332,24.99935546249591,0.0018750011768904713
914.9703227987842,0.0010000239992499112,7.9999963384713393,7.999996044431775,1.0000235047920165,50000005.268456839,50000002.880304359,0.66907814589850179,24.999400033150977,0.0018750008581711725
918.96582639179201,0.0010000244096911549,7.9999960939447021,7.999995795160415,1.0000238840733768,50000002.151389979,50000002.855621226,0.66907815570079698,24.999389772616592,0.0018750009154821577
922.9613299847997,0.001000028301510876,7.9999944524518796,7.9999941076207595,1.0000275649426256,50000002.152621761,50000002.838282779,0.66907824991592502,24.999292482251924,0.0018750013002074926
926.9568335778074,0.0010000266107915168,7.9999951483329967,7.9999948235328571,1.000025963715905,50000002.258794844,50000002.847894624,0.66907820895387937,24.999334747914968,0.0018750011371101434
930.95233717081521,0.0010000250811009412,7.9999961382545379,7.9999958310150037,1.0000245599647462,50000004.388855532,50000002.867209598,0.66907817256870716,24.999372988202619,0.0018750009050970298
934.94784076382325,0.0010000297808080102,7.9999946393183867,7.9999942757187448,1.000029065251544,50000002.284983955,50000002.854008511,0.66907828724765428,24.999255501971501,0.0018750012564105951
938.94334435683095,0.0010000297154221767,7.9999938368895922,7.9999934753594877,1.0000288998178772,50000000.872841537,50000002.859020084,0.66907828410850201,24.999257136520086,0.0018750014444801149
942.93884794983876,0.0010000283298381121,7.9999954599265513,7.9999951131686231,1.0000277189668847,50000005.592210032,50000002.902452022,0.66907825251310193,24.999291774111121,0.0018750010640803184
946.93435154284657,0.0010000308060371223,7.999994732721337,7.9999943561705154,1.0000301005367038,50000000.792048804,50000002.901931316,0.66907831305273635,24.999229872796512,0.0018750012345192493
950.92985513585427,0.00100003145541309,7.9999934791562177,7.9999930964517674,1.0000305924424169,50000004.531121507,50000002.928795666,0.66907832693619373,24.999213639408048,0.0018750015283240072
954.92535872886208,0.0010000340648668993,7.9999936148553532,7.9999931993463571,1.0000332147562361,49999999.547499217,50000002.949810937,0.66907839242483802,24.999148407336911,0.0018750014965194712
958.92086232186989,0.0010000292664679182,7.9999952916633319,7.9999949334693952,1.0000286331330577,50000007.530212626,50000003.020451918,0.66907827561267919,24.999268359714574,0.0018750011035170559
962.9163659148777,0.001000036196103449,7.999992789746476,7.9999923489061207,1.0000352396820964,49999998.712622315,50000003.022904471,0.66907844415679962,24.999095130166541,0.0018750016899046929
966.91186950788529,0.0010000349561170927,7.9999929004406969,7.9999924749152216,1.0000340154486145,50000005.559972443,50000003.092742532,0.66907841336579521,24.999126127619867,0.0018750016639606884
970.90737310089321,0.0010000355444026027,7.9999937245355195,7.9999932903755369,1.0000347056697334,50000000.014654085,50000003.147413939,0.66907842961759378,24.999111421518926,0.0018750014708131413
974.90287669390113,0.0010000361153100655,7.9999934716295611,7.999993030733684,1.0000352441203137,50000007.662687615,50000003.238400646,0.66907844341556988,24.999097149855078,0.0018750015300880703
978.89838028690883,0.0010000405132670925,7.9999912395266461,7.9999907471843601,1.0000393566182797,49999998.086449429,50000003.267909318,0.66907854917508613,24.998987209354148,0.0018750020532381909
982.89388387991664,0.0010000395264348641,7.9999926056580266,7.9999921235084992,1.0000385418345104,50000006.955098286,50000003.381290071,0.66907852706676663,24.999011878185332,0.0018750017330505019
986.88938747292445,0.0010000409041008428,7.9999925006415644,7.9999920014486428,1.0000399042410266,50000000.322213516,50000003.456501901,0.66907856131012489,24.998977439305857,0.0018750017576637812
990.88489106593215,0.0010000408692976564,7.9999915442516771,7.9999910469867084,1.0000397501252571,50000007.5284601,50000003.562635742,0.66907855864684818,24.998978309314371,0.0018750019818181078
994.88039465893996,0.0010000481935607422,7.999990069773526,7.9999894833290446,1.0000468789135182,49999997.138039254,50000003.629442886,0.66907873898062187,24.99879521904413,0.0018750023273997188
998.87589825194777,0.0010000415551429224,7.9999921370206675,7.9999916302638203,1.0000405088824242,50000010.138656244,50000003.801303938,0.66907857690371619,24.998961164595894,0.0018750018428875922
1002.8714018449555,0.0010000484325453918,7.9999905406709821,7.9999899505062908,1.0000471762978378,49999998.864767164,50000003.878259443,0.66907874583788329,24.998789245005153,0.00187500221703286
1006.8669054379634,0.0010000500650240831,7.9999891706952608,7.9999885622795679,1.0000486352374502,50000008.645845547,50000004.015800804,0.66907878407913302,24.998748437057454,0.0018750025381217342
1010.8624090309713,0.0010000531484421803,7.9999892221084501,7.9999885750999074,1.0000517202537669,49999997.350395255,50000004.112817794,0.66907886125700733,24.998671359560664,0.0018750025260717354
1014.8579126239789,0.0010000518478463746,7.9999896753647857,7.9999890438932759,1.0000504782620279,50000012.051870286,50000004.301665448,0.66907882959367582,24.998703871042132,0.0018750024198395012
1018.8534162169867,0.0010000580335580533,7.9999881089950868,7.9999874027083466,1.0000564588052134,49999997.602842413,50000004.375322014,0.66907898129102483,24.998549245241129,0.001875002786958419
1022.8489198099946,0.0010000595166794065,7.9999869065713476,7.9999861836375272,1.0000577895313094,50000009.697229445,50000004.552519813,0.66907901611233145,24.998512171565448,0.0018750030687773632
1026.8444234030023,0.0010000633951354893,7.9999868946544286,7.9999861232964546,1.0000616604375816,49999999.720860362,50000004.66197966,0.66907911304543077,24.998415222079981,0.0018750030715704001
1030.83992699601,0.0010000609926567731,7.9999875136994341,7.9999867713823809,1.0000593389787147,50000012.238640226,50000004.818681017,0.66907905414790947,24.998475276577608,0.001875002926481263
1034.835430589018,0.001000073318621121,7.9999840490239125,7.9999831581625935,1.0000712132370926,49999999.139539361,50000004.851290166,0.6690793557800474,24.998167168852628,0.0018750037385174745
1038.8309341820257,0.0010000717053708229,7.9999840652814465,7.9999831945445834,1.0000696045382658,50000010.209939629,50000004.950656906,0.66907931548219723,24.998207494261717,0.0018750037347070999
1042.8264377750336,0.0010000774250432758,7.9999837481417035,7.9999828064600953,1.0000752756843863,50000003.623120457,50000004.95734109,0.66907945786870882,24.998064523772438,0.0018750038090370263
1046.8219413680413,0.0010000825043708298,7.999982194462703,7.9999811917651416,1.0000801531475023,50000010.884163514,50000004.924498737,0.66907958192859018,24.997937560889497,0.0018750041731820921
1050.817444961049,0.0010000902790717227,7.9999791888696574,7.9999780937574441,1.0000875405441938,50000002.687236123,50000004.756832212,0.66907977064382151,24.997743226946312,0.0018750048776213627
1054.8129485540569,0.0010000935568130033,7.9999794804953481,7.999978343988122,1.0000908495582603,50000012.733717345,50000004.550711356,0.66907985312662177,24.99766129847638,0.0018750048092712383
1058.8084521470646,0.0010001009923262473,7.9999777629221729,7.9999765362257413,1.0000980590582573,50000006.150740623,50000004.125272766,0.66908003577591413,24.997475446804319,0.0018750052118296028
1062.8039557400728,0.0010001095394821854,7.9999746378618326,7.9999733092893184,1.0001062027778893,50000012.294776388,50000003.534902394,0.66908024357281626,24.997261812884965,0.0018750059442699779
1066.7994593330802,0.0010001212086983146,7.9999718584488653,7.9999703884655027,1.0001175068078554,50000006.325937241,50000002.679533042,0.6690805300581486,24.996970149786339,0.0018750065956992491
1070.7949629260879,0.0010001258075726313,7.9999714239673088,7.9999698972215505,1.0001220442519305,50000015.936202407,50000001.572850972,0.66908064420115243,24.996855206323076,0.0018750066975315855
1074.7904665190958,0.0010001435418605202,7.9999664266241011,7.9999646861770479,1.0001391269990247,50000009.072951943,49999999.989114307,0.66908107812859385,24.996411968519709,0.0018750078687929991
1078.7859701121035,0.0010001562143822475,7.9999623047823762,7.9999604124895463,1.0001512651704234,50000014.734192081,49999997.963559896,0.66908138716567311,24.996095250421856,0.0018750088348582594
1082.7814737051115,0.001000173046814673,7.9999589568192855,7.9999568595143993,1.0001676533208075,50000011.64864859,49999995.343010552,0.66908180162975517,24.995674578133652,0.0018750096195448323
1086.7769772981192,0.0010001906767225267,7.9999544132216913,7.9999521028114051,1.0001846884323424,50000017.10039673,49999991.998136297,0.66908223377801934,24.995233990703866,0.0018750106844620501
1090.7724808911273,0.0010002159640422901,7.9999464251547865,7.9999438113760197,1.0002089389474522,50000012.347321786,49999987.655327722,0.66908285085478558,24.994602064702676,0.0018750125566884372
1094.7679844841348,0.0010002444526652852,7.9999395880315411,7.9999366291028311,1.000236529366741,50000013.035835937,49999982.377028987,0.66908355008674281,24.993890176930407,0.0018750141591620305
1098.7634880771425,0.0010002734743706655,7.999931922650962,7.9999286132081595,1.0002645485813781,50000013.266634308,49999975.855504483,0.66908426106883301,24.993165009927974,0.001875015955764459
1102.7589916701504,0.0010003152806847978,7.9999201366373685,7.9999163234354347,1.0003048178165266,50000007.226183385,49999967.767451495,0.66908528382012611,24.99212046714457,0.0018750187181624787
1106.7544952631581,0.0010003664266093266,7.9999057585668902,7.9999013290032366,1.0003540882152713,50000000.39887169,49999958.148641139,0.66908653507338078,24.990842690248801,0.0018750220880960867
1110.749998856166,0.0010004228527015129,7.9998908564760809,7.9998857454219197,1.0004085648401457,49999987.650043547,49999946.966903433,0.66908791722743066,24.989433150682959,0.0018750255808624168
1114.7455024491737,0.0010004956324988076,7.9998707656126804,7.9998647769174642,1.0004787212358712,49999971.877577618,49999933.916216619,0.66908969821622766,24.987615325776844,0.0018750302897988383
1118.7410060421814,0.0010005888658256078,7.9998442449384086,7.9998371331869595,1.0005684954856402,49999935.194746822,49999919.595009834,0.66909197805904208,24.985287018331903,0.0018750365058033058
1122.7365096351893,0.0010007015698666264,7.9998128598753127,7.9998043894874273,1.0006771013982498,49999887.633982152,49999904.860279284,0.6690947349950217,24.982473049714514,0.0018750438619927659
1126.732013228197,0.0010008406999154097,7.9997744809727678,7.9997643328305159,1.000811216753553,49999804.844273828,49999890.915565819,0.66909813860381451,24.979000156681259,0.0018750528575120543
1130.727516821205,0.0010010119926493902,7.9997264542707711,7.9997142417635638,1.0009762367216812,49999679.951738074,49999880.622295178,0.66910232690606097,24.974725761109223,0.001875064114472568
1134.7230204142127,0.0010012339632014915,7.9996640685136819,7.9996491811624404,1.0011900567346046,49999478.133704349,49999879.066454783,0.6691077529674252,24.969188939677352,0.0018750787372483959
1138.7185240072204,0.0010014570758567574,7.9996016016935227,7.9995840254047623,1.0014050032690351,49999126.77014178,49999894.669640891,0.66911320615819003,24.963626103108044,0.0018750933792533479
1142.7140276002283,0.0010017388198485012,7.9995253525885399,7.9995043766867875,1.0016767592093927,49998781.838833541,49999941.770376876,0.66912009554580831,24.956604959944446,0.0018751112520877505
1146.709531193236,0.0010017346394849771,7.9995172778054204,7.9994963667430206,1.0016715761250878,49997551.742903613,50000042.348356694,0.66911997607678519,24.956709106967967,0.0018751131448415455
1150.7050347862439,0.0010020744609986489,7.999443058126638,7.999418018998588,1.0020015624613614,50000094.658980004,50000230.334768705,0.6691283162943461,24.948245837026384,0.0018751305423396311
1154.7005383792516,0.0010005214910947589,7.9998502606379658,7.9998439809988513,1.0005019785493003,50006313.014472879,50000470.640124232,0.66909030590502827,24.986969517911398,0.00187503509581988
